,,Dorset,England
Abbotsbury,DT3,Dorset,England
Acton,,Dorset,England
Adber,DT9,Dorset,England
Affpuddle,DT2,Dorset,England
Alcester,,Dorset,England
Alderholt,SP6,Dorset,England
Alderney,,Dorset,England
Allen,,Dorset,England
Aller,,Dorset,England
Allington,,Dorset,England
Almer,DT11,Dorset,England
Alton Pancras,DT2,Dorset,England
Alweston,,Dorset,England
Ameysford,,Dorset,England
Ammerham,,Dorset,England
Anderson,DT11,Dorset,England
Ansty Cross,,Dorset,England
Arne,BH20,Dorset,England
Ash,,Dorset,England
Ashford,SP6,Dorset,England
Ashington,,Dorset,England
Ashley,,Dorset,England
Ashley Heath,BH24,Dorset,England
Ashmore,SP5,Dorset,England
Askerswell,DT2,Dorset,England
Athelhampton,,Dorset,England
Atrim,,Dorset,England
Avon,BH23,Dorset,England
Axe,,Dorset,England
Bagber,,Dorset,England
Barrow Hill,,Dorset,England
Barrow Street,,Dorset,England
Batcombe,DT2,Dorset,England
Bay,,Dorset,England
Beacon Hill,,Dorset,England
Beaminster,DT8,Dorset,England
Bear Cross,,Dorset,England
Bearwood,,Dorset,England
Beaulieu Wood,,Dorset,England
Bedchester,SP7,Dorset,England
Beer Hackett,DT9,Dorset,England
Belchalwell,,Dorset,England
Belchalwell Street,,Dorset,England
Benville,,Dorset,England
Bere Regis,BH20,Dorset,England
Bettiscombe,DT6,Dorset,England
Bill Of Portland,,Dorset,England
Bincombe,DT3,Dorset,England
Binnegar,,Dorset,England
Birdsmoorgate,,Dorset,England
Bittles Green,,Dorset,England
Blackdown,DT8,Dorset,England
Blackney,,Dorset,England
Blacknoll,,Dorset,England
Blackwater,,Dorset,England
Blandford Camp,DT11,Dorset,England
Blandford Forum,DT11,Dorset,England
Blandford St Mary,DT11,Dorset,England
Bloxworth,BH20,Dorset,England
Bluntshay,,Dorset,England
Bookham,,Dorset,England
Borough The,,Dorset,England
Boscombe,,Dorset,England
Bothenhampton,DT6,Dorset,England
Bourne Valley,,Dorset,England
Bournemouth,,Dorset,England
Bourton,SP8,Dorset,England
Boveridge,BH21,Dorset,England
Bovington Camp,BH20,Dorset,England
Bowden,,Dorset,England
Bowridge Hill,,Dorset,England
Boys Hill,,Dorset,England
Bradford Abbas,DT9,Dorset,England
Bradford Peverell,DT2,Dorset,England
Bradpole,DT6,Dorset,England
Bramblecombe,,Dorset,England
Branksome,,Dorset,England
Branksome Park,,Dorset,England
Bransgore,BH23,Dorset,England
Braytown,,Dorset,England
Briantspuddle,DT2,Dorset,England
Bridge,,Dorset,England
Bridport,DT6,Dorset,England
Broad Oak,,Dorset,England
Broadmayne,DT2,Dorset,England
Broadoak,DT6,Dorset,England
Broadstone,,Dorset,England
Broadwey,DT3,Dorset,England
Broadwindsor,DT8,Dorset,England
Brockhampton Green,,Dorset,England
Broom Hill,BH21,Dorset,England
Brownsea Island,,Dorset,England
Bryanston,DT11,Dorset,England
Buckham,,Dorset,England
Buckhorn Weston,SP8,Dorset,England
Buckland Newton,DT2,Dorset,England
Buckland Ripers,,Dorset,England
Bugley,,Dorset,England
Burleston,DT2,Dorset,England
Burstock,DT8,Dorset,England
Burton,BH23,Dorset,England
Burton Bradstock,DT6,Dorset,England
Bushey,,Dorset,England
Cale,,Dorset,England
Camel Green,,Dorset,England
Camesworth,,Dorset,England
Canford Cliffs,,Dorset,England
Canford Heath,,Dorset,England
Canford Magna,BH21,Dorset,England
Cann,SP7,Dorset,England
Cann Common,SP7,Dorset,England
Cashmoor,DT11,Dorset,England
Castletown,,Dorset,England
Catherston Leweston,,Dorset,England
Cattistock,DT2,Dorset,England
Caundle Marsh,DT9,Dorset,England
Cerne,,Dorset,England
Cerne Abbas,DT2,Dorset,England
Chalbury,,Dorset,England
Chalbury Common,BH21,Dorset,England
Chaldon Herring (East Chaldon),,Dorset,England
Chalmington,DT2,Dorset,England
Champernhayes Marsh,,Dorset,England
Char,,Dorset,England
Chard Junction,TA20,Dorset,England
Charlestown,DT4,Dorset,England
Charlton Marshall,DT11,Dorset,England
Charlton on the Hill,,Dorset,England
Charminster,DT2,Dorset,England
Charmouth,DT6,Dorset,England
Chedington,DT8,Dorset,England
Cheselbourne,DT2,Dorset,England
Chesil,,Dorset,England
Chesil Beach,,Dorset,England
Chetnole,DT9,Dorset,England
Chettle,DT11,Dorset,England
Chickerell,DT3,Dorset,England
Chideock,DT6,Dorset,England
Chilbridge,,Dorset,England
Chilcombe,DT6,Dorset,England
Child Okeford,DT11,Dorset,England
Chilfrome,DT2,Dorset,England
Christchurch,BH23,Dorset,England
Church Knowle,BH20,Dorset,England
Clapgate,BH21,Dorset,England
Clifton Maybank,,Dorset,England
Cobley,,Dorset,England
Cocknowle,,Dorset,England
Cold Harbour,,Dorset,England
Coldharbour,,Dorset,England
Colehill,BH21,Dorset,England
Colesbrook,,Dorset,England
Combe Almer,,Dorset,England
Compton Abbas,SP7,Dorset,England
Compton Valence,DT2,Dorset,England
Coneygar,,Dorset,England
Coombe,,Dorset,England
Coombe Keynes,BH20,Dorset,England
Corfe,,Dorset,England
Corfe Castle,BH20,Dorset,England
Corfe Mullen,BH21,Dorset,England
Corscombe,DT2,Dorset,England
Coryates,,Dorset,England
Cosmore,,Dorset,England
Court Orchard,,Dorset,England
Cowgrove,,Dorset,England
Crab Orchard,,Dorset,England
Cranborne,BH21,Dorset,England
Cranborne Chase,,Dorset,England
Creech,,Dorset,England
Creech Bottom,,Dorset,England
Creekmoor,,Dorset,England
Crendell,,Dorset,England
Cripplestyle,,Dorset,England
Crooked Withies,,Dorset,England
Cross Lanes,,Dorset,England
Crossways,,Dorset,England
Crouch Hill,DT9,Dorset,England
Cruxton,,Dorset,England
Daggons,SP6,Dorset,England
Dean,SP5,Dorset,England
Deanend,,Dorset,England
Deanland,SP5,Dorset,England
Dewlands Common,,Dorset,England
Dewlish,DT2,Dorset,England
Dibberford,,Dorset,England
Dorchester,DT1,Dorset,England
Dottery,DT6,Dorset,England
Drimpton,DT8,Dorset,England
Drive End,,Dorset,England
Droop,,Dorset,England
Dudsbury,BH22,Dorset,England
Duntish,DT2,Dorset,England
Durlston Head,,Dorset,England
Durweston,DT11,Dorset,England
East Bloxworth,,Dorset,England
East Burton,BH20,Dorset,England
East Chaldon (Chaldon Herring),,Dorset,England
East Chelborough,DT2,Dorset,England
East Compton,,Dorset,England
East Creech,BH20,Dorset,England
East End,BH21,Dorset,England
East Fleet,,Dorset,England
East Holme,,Dorset,England
East Holton,,Dorset,England
East Howe,,Dorset,England
East Knighton,DT2,Dorset,England
East Lulworth,BH20,Dorset,England
East Melbury,,Dorset,England
East Morden,BH20,Dorset,England
East Orchard,SP7,Dorset,England
East Parley,,Dorset,England
East Pulham,,Dorset,England
East Stoke,BH20,Dorset,England
East Stour,SP8,Dorset,England
East Stour Common,,Dorset,England
Easton,DT5,Dorset,England
Ebblake,,Dorset,England
Eccliffe,,Dorset,England
Edmondsham,BH21,Dorset,England
Elm Hill,,Dorset,England
Elwell,,Dorset,England
Enmore Green,,Dorset,England
Ensbury,,Dorset,England
Ensbury Park,,Dorset,England
Evershot,DT2,Dorset,England
Fairmile,,Dorset,England
Farnham,DT11,Dorset,England
Farrington,,Dorset,England
Ferndown,BH22,Dorset,England
Fiddleford,,Dorset,England
Fifehead Magdalen,SP8,Dorset,England
Fifehead Neville,DT10,Dorset,England
Fifehead St Quintin,,Dorset,England
Filford,,Dorset,England
Fishpond Bottom,DT6,Dorset,England
Fleet,,Dorset,England
Folke,DT9,Dorset,England
Folly,DT2,Dorset,England
Fontmell Magna,SP7,Dorset,England
Fontmell Parva,,Dorset,England
Forston,DT2,Dorset,England
Fortuneswell,DT5,Dorset,England
Frampton,DT2,Dorset,England
Friars Cliff,,Dorset,England
Frome,,Dorset,England
Frome St Quintin,,Dorset,England
Furleigh Cross,,Dorset,England
Furzebrook,,Dorset,England
Furzehill,,Dorset,England
Furzey Island,,Dorset,England
Gannetts,,Dorset,England
Giddy Green,,Dorset,England
Gillingham,SP8,Dorset,England
Glanvilles Wootton,DT9,Dorset,England
Goathill,DT9,Dorset,England
Godmanstone,DT2,Dorset,England
Gold Hill,,Dorset,England
Gore,,Dorset,England
Gotham,,Dorset,England
Grange,,Dorset,England
Grange Estate,,Dorset,England
Greenham,,Dorset,England
Gribb,,Dorset,England
Grimstone,DT2,Dorset,England
Grove,DT5,Dorset,England
Gussage All Saints,BH21,Dorset,England
Gussage St Andrew,,Dorset,England
Gussage St Michael,BH21,Dorset,England
Hains,,Dorset,England
Halstock,,Dorset,England
Ham Common,,Dorset,England
Hamlet,,Dorset,England
Hammoon,DT10,Dorset,England
Hampreston,BH21,Dorset,England
Hamworthy,,Dorset,England
Hanford,,Dorset,England
Hartgrove,,Dorset,England
Hartmoor,,Dorset,England
Haydon,DT9,Dorset,England
Haythorne,,Dorset,England
Hazelbury Bryan,DT10,Dorset,England
Hedge End,,Dorset,England
Hemsworth,,Dorset,England
Henbury,,Dorset,England
Hengistbury Head,,Dorset,England
Henley,,Dorset,England
Hermitage,DT2,Dorset,England
Herston,BH19,Dorset,England
Hewood,,Dorset,England
Highcliffe,BH23,Dorset,England
Higher Ansty,DT2,Dorset,England
Higher Bockhampton,,Dorset,England
Higher Chalmington,,Dorset,England
Higher Eype,,Dorset,England
Higher Halstock Leigh,,Dorset,England
Higher Kingcombe,DT2,Dorset,England
Higher Melcombe,,Dorset,England
Higher Row,,Dorset,England
Higher Sandford,,Dorset,England
Higher Totnell,,Dorset,England
Higher Whatcombe,DT11,Dorset,England
Higher Woodsford,,Dorset,England
Higher Wraxall,,Dorset,England
Highlands,,Dorset,England
Highwood,,Dorset,England
Hilfield,DT2,Dorset,England
Hill View,BH21,Dorset,England
Hillbourne,,Dorset,England
Hillbutts,,Dorset,England
Hilton,DT11,Dorset,England
Hincknowle,,Dorset,England
Hinton Martell,BH21,Dorset,England
Hinton Parva,,Dorset,England
Hinton St Mary,DT10,Dorset,England
Hogstock,,Dorset,England
Holdenhurst,,Dorset,England
Holditch,TA20,Dorset,England
Hollow Oak,,Dorset,England
Holmbush,,Dorset,England
Holmebridge,,Dorset,England
Holnest,DT9,Dorset,England
Holt,BH21,Dorset,England
Holt Heath,BH21,Dorset,England
Holt Wood,,Dorset,England
Holway,,Dorset,England
Holwell,DT10,Dorset,England
Holywell,DT2,Dorset,England
Hooke,DT8,Dorset,England
Horn Ash,,Dorset,England
Horton,BH21,Dorset,England
Horton Common,,Dorset,England
Horton Heath,,Dorset,England
Hound Hill,,Dorset,England
Huntingford,SP8,Dorset,England
Hurn,BH23,Dorset,England
Hursey,,Dorset,England
Hurst,,Dorset,England
Hyde,,Dorset,England
Ibberton,DT11,Dorset,England
Iford,,Dorset,England
Isle Of Portland,,Dorset,England
Isle Of Purbeck,,Dorset,England
Ivy Cross,,Dorset,England
Iwerne Courtney (Shroton),,Dorset,England
Iwerne Minster,DT11,Dorset,England
Jumpers Common,,Dorset,England
Kimmeridge,BH20,Dorset,England
Kingsland,,Dorset,England
Kingston,BH20,Dorset,England
Kingston Maurward,,Dorset,England
Kingston Russell,DT2,Dorset,England
Kington Magna,SP8,Dorset,England
Kinson,,Dorset,England
Kit Hill,,Dorset,England
Kittwhistle,,Dorset,England
Knapp Hill,,Dorset,England
Knighton,,Dorset,England
Knowlton,BH21,Dorset,England
Lake,,Dorset,England
Lambrook,,Dorset,England
Lambs Green,,Dorset,England
Lane End,BH20,Dorset,England
Lanehouse,,Dorset,England
Langham,,Dorset,England
Langton Herring,DT3,Dorset,England
Langton Long Blandford,DT11,Dorset,England
Langton Matravers,BH19,Dorset,England
Laymore,,Dorset,England
Leigh,DT9,Dorset,England
Lewcombe,,Dorset,England
Lillington,DT9,Dorset,England
Lilliput,,Dorset,England
Little Ansty (Pleck),,Dorset,England
Little Canford,,Dorset,England
Little Woolgarston,,Dorset,England
Littlebredy,DT2,Dorset,England
Littledown,,Dorset,England
Littlemoor,,Dorset,England
Littleton,,Dorset,England
Littlewindsor,,Dorset,England
Litton Cheney,DT2,Dorset,England
Loders,DT6,Dorset,England
Long Bredy,DT2,Dorset,England
Long Crichel,BH21,Dorset,England
Longburton,DT9,Dorset,England
Longfleet,,Dorset,England
Longham,BH22,Dorset,England
Loscombe,,Dorset,England
Lower Ansty,,Dorset,England
Lower Blandford St Mary,,Dorset,England
Lower Bockhampton,DT2,Dorset,England
Lower Daggons,,Dorset,England
Lower Eype,,Dorset,England
Lower Halstock Leigh,,Dorset,England
Lower Hamworthy,,Dorset,England
Lower Holwell,,Dorset,England
Lower Kingcombe,DT2,Dorset,England
Lower Mannington,,Dorset,England
Lower Row,,Dorset,England
Lower Strode,,Dorset,England
Lower Whatcombe,,Dorset,England
Lower Wraxall,DT2,Dorset,England
Lulworth Camp,BH20,Dorset,England
Lydden,,Dorset,England
Lydlinch,DT10,Dorset,England
Lyme Regis,DT7,Dorset,England
Lytchett Matravers,BH16,Dorset,England
Lytchett Minster,BH16,Dorset,England
Madjeston,SP8,Dorset,England
Maiden Newton,DT2,Dorset,England
Mangerton,,Dorset,England
Mannington,BH21,Dorset,England
Manston,DT10,Dorset,England
Manswood,BH21,Dorset,England
Mapperton,DT8,Dorset,England
Mappowder,DT10,Dorset,England
Margaret Marsh,SP7,Dorset,England
Marnhull,DT10,Dorset,England
Marshalsea,DT6,Dorset,England
Marshwood,DT6,Dorset,England
Martinstown,DT2,Dorset,England
Maudlin,,Dorset,England
Maudlin Cross,,Dorset,England
Meerhay,,Dorset,England
Melbury Abbas,SP7,Dorset,England
Melbury Bubb,DT2,Dorset,England
Melbury Osmond,DT2,Dorset,England
Melbury Sampford,DT2,Dorset,England
Melcombe Bingham,DT2,Dorset,England
Melcombe Regis,DT4,Dorset,England
Melplash,DT6,Dorset,England
Merley,,Dorset,England
Merriott,,Dorset,England
Merritown,,Dorset,England
Merry Field Hill,,Dorset,England
Meyrick Park,,Dorset,England
Middle Bockhampton,,Dorset,England
Middlemarsh,DT9,Dorset,England
Milborne St Andrew,DT11,Dorset,England
Miles Cross,,Dorset,England
Mill Throop,,Dorset,England
Milton Abbas,DT11,Dorset,England
Milton on Stour,SP8,Dorset,England
Minchington,DT11,Dorset,England
Minterne Magna,DT2,Dorset,England
Minterne Parva,,Dorset,England
Monkton Up Wimborne,BH21,Dorset,England
Monkwood,,Dorset,England
Moorbath,,Dorset,England
Moordown,,Dorset,England
Moorside,,Dorset,England
Morcombelake,DT6,Dorset,England
Morden,BH20,Dorset,England
More Crichel,,Dorset,England
Moreton,DT2,Dorset,England
Mosterton,DT8,Dorset,England
Motcombe,SP7,Dorset,England
Mounters,,Dorset,England
Muckleford,,Dorset,England
Mudeford,BH23,Dorset,England
Muscliff,,Dorset,England
Neacroft,BH23,Dorset,England
Nether Cerne,DT2,Dorset,England
Nether Compton,DT9,Dorset,England
Netherbury,DT6,Dorset,England
Netherlay,,Dorset,England
Netherstoke,,Dorset,England
Nettlecombe,DT6,Dorset,England
New Buildings,,Dorset,England
New Swanage,,Dorset,England
New Town,,Dorset,England
Newport,,Dorset,England
Newton,SP5,Dorset,England
Newton Peveril,,Dorset,England
Newtown,,Dorset,England
Norden,BH20,Dorset,England
North Bockhampton,,Dorset,England
North Bowood,,Dorset,England
North Chideock,,Dorset,England
North End,,Dorset,England
North Poorton,DT6,Dorset,England
North Wootton,DT9,Dorset,England
Northbourne,,Dorset,England
Northbrook,,Dorset,England
Northport,,Dorset,England
Norwood,,Dorset,England
Nottington,,Dorset,England
Oakdale,,Dorset,England
Oakley,,Dorset,England
Oathill,,Dorset,England
Oborne,DT9,Dorset,England
Okeford Fitzpaine,DT11,Dorset,England
Organford,,Dorset,England
Osehill Green,,Dorset,England
Osmington,DT3,Dorset,England
Osmington Mills,DT3,Dorset,England
Over Compton,DT9,Dorset,England
Overcombe,DT3,Dorset,England
Owermoigne,DT2,Dorset,England
Oxbridge,,Dorset,England
Packers Hill,,Dorset,England
Pallington,,Dorset,England
Pamphill,BH21,Dorset,England
Park Gate,,Dorset,England
Parkstone,,Dorset,England
Parley Green,,Dorset,England
Peacemarsh,SP8,Dorset,England
Penn,,Dorset,England
Pentridge,SP5,Dorset,England
Piddle (Trent),,Dorset,England
Piddlehinton,DT2,Dorset,England
Piddletrenthide,DT2,Dorset,England
Pidney,,Dorset,England
Pig Oak,,Dorset,England
Pilford,,Dorset,England
Pillwell,,Dorset,England
Pilsdon,DT6,Dorset,England
Pimperne,DT11,Dorset,England
Pleck,,Dorset,England
Pleck (Little Ansty),,Dorset,England
Plush,DT2,Dorset,England
Pokesdown,,Dorset,England
Poole,BH16,Dorset,England
Poolestown,,Dorset,England
Portesham,DT3,Dorset,England
Portway,,Dorset,England
Post Green,,Dorset,England
Powerstock,DT6,Dorset,England
Poyntington,DT9,Dorset,England
Preston,DT3,Dorset,England
Puddletown,DT2,Dorset,England
Pulham,DT2,Dorset,England
Puncknowle,DT2,Dorset,England
Purewell,,Dorset,England
Purse Caundle,DT9,Dorset,England
Putton,,Dorset,England
Puxey,,Dorset,England
Pymore,,Dorset,England
Queen Oak,,Dorset,England
Radipole,DT3,Dorset,England
Rampisham,DT2,Dorset,England
Red Hill,,Dorset,England
Redbridge,,Dorset,England
Redford,,Dorset,England
Redlands,,Dorset,England
Rew,,Dorset,England
Ridge,BH20,Dorset,England
Rixon,,Dorset,England
Rodden,DT3,Dorset,England
Rodwell,,Dorset,England
Rolls Mill,,Dorset,England
Romford,BH31,Dorset,England
Rossmore,,Dorset,England
Rushcombe Bottom,,Dorset,England
Rushton,,Dorset,England
Ryall,DT6,Dorset,England
Ryme Intrinseca,DT9,Dorset,England
Saddle Street,,Dorset,England
Salwayash,DT6,Dorset,England
Sandbanks,,Dorset,England
Sandford,BH20,Dorset,England
Sandford Orcas,DT9,Dorset,England
Sandhills,DT9,Dorset,England
Sandleheath,SP6,Dorset,England
Sandpit,,Dorset,England
School House,,Dorset,England
Seaborough,DT8,Dorset,England
Seatown,DT6,Dorset,England
Shaftesbury,SP7,Dorset,England
Shaggs,,Dorset,England
Shapwick,DT11,Dorset,England
Sharnhill Green,,Dorset,England
Sherborne,DT9,Dorset,England
Sherford,,Dorset,England
Shillingstone,DT11,Dorset,England
Shipton Gorge,DT6,Dorset,England
Shortmoor,,Dorset,England
Shroton (Iwerne Courtney),,Dorset,England
Silton,SP8,Dorset,England
Sitterton,,Dorset,England
Sixpenny Handley,SP5,Dorset,England
Skilling,,Dorset,England
Sleight,,Dorset,England
Slepe,BH16,Dorset,England
Sockety,,Dorset,England
Somerford,,Dorset,England
South Bockhampton,,Dorset,England
South Bowood,DT6,Dorset,England
South Perrott,DT8,Dorset,England
South Poorton,,Dorset,England
Southbourne,,Dorset,England
Southill,,Dorset,England
Southlands,,Dorset,England
Southover,,Dorset,England
Southwell,DT5,Dorset,England
Spetisbury,DT11,Dorset,England
Springbourne,,Dorset,England
Spyway,,Dorset,England
St Ives,BH24,Dorset,England
St James,,Dorset,England
St Leonards,BH24,Dorset,England
Stalbridge,DT10,Dorset,England
Stalbridge Weston,DT10,Dorset,England
Stallen,,Dorset,England
Stanbridge,BH21,Dorset,England
Stanley Green,,Dorset,England
Stanpit,,Dorset,England
Stapehill,BH21,Dorset,England
Steeple,BH20,Dorset,England
Sterte,,Dorset,England
Stinsford,DT2,Dorset,England
Stoborough,BH20,Dorset,England
Stoborough Green,BH20,Dorset,England
Stockwood,DT2,Dorset,England
Stoke Abbott,DT8,Dorset,England
Stoke Wake,DT11,Dorset,England
Stoke Water,,Dorset,England
Stokeford,BH20,Dorset,England
Stony Knaps,,Dorset,England
Stour,,Dorset,England
Stour Provost,SP8,Dorset,England
Stour Row,SP7,Dorset,England
Stourpaine,DT11,Dorset,England
Stourton Caundle,DT10,Dorset,England
Stratton,DT2,Dorset,England
Strouden,,Dorset,England
Stubhampton,DT11,Dorset,England
Studland,BH19,Dorset,England
Sturminster Common,DT10,Dorset,England
Sturminster Marshall,BH21,Dorset,England
Sturminster Newton,DT10,Dorset,England
Sutton Holms,BH21,Dorset,England
Sutton Poyntz,DT3,Dorset,England
Sutton Waldron,DT11,Dorset,England
Swanage,BH19,Dorset,England
Swyre,DT2,Dorset,England
Sydling St Nicholas,DT2,Dorset,England
Symondsbury,DT6,Dorset,England
Synderford,,Dorset,England
Tadden,BH21,Dorset,England
Tadnoll,,Dorset,England
Talbot Heath,,Dorset,England
Talbot Village,,Dorset,England
Talbot Woods,,Dorset,England
Tarrant Crawford,DT11,Dorset,England
Tarrant Gunville,DT11,Dorset,England
Tarrant Hinton,DT11,Dorset,England
Tarrant Keyneston,DT11,Dorset,England
Tarrant Launceston,DT11,Dorset,England
Tarrant Monkton,DT11,Dorset,England
Tarrant Rushton,DT11,Dorset,England
The Bridge,,Dorset,England
The Common,SP5,Dorset,England
The Mount,,Dorset,England
Thorncombe,TA20,Dorset,England
Thornford,DT9,Dorset,England
Thornicombe,DT11,Dorset,England
Three Gates,,Dorset,England
Three Legged Cross,BH21,Dorset,England
Throop,,Dorset,England
Tiley,,Dorset,England
Tincleton,DT2,Dorset,England
Todber,DT10,Dorset,England
Tollard Farnham,,Dorset,England
Toller Fratrum,DT2,Dorset,England
Toller Porcorum,DT2,Dorset,England
Toller Whelme,DT8,Dorset,England
Tollerford,,Dorset,England
Tolpuddle,DT2,Dorset,England
Totnell,,Dorset,England
Trent,DT9,Dorset,England
Trent (Piddle),,Dorset,England
Tuckton,,Dorset,England
Turbary Common,,Dorset,England
Turlin Moor,BH16,Dorset,England
Turners Puddle,DT2,Dorset,England
Turnworth,DT11,Dorset,England
Twyford,SP7,Dorset,England
Tyneham,BH20,Dorset,England
Ulwell,BH19,Dorset,England
Up Cerne,DT2,Dorset,England
Up Sydling,DT2,Dorset,England
Uphall,DT2,Dorset,England
Uploders,DT6,Dorset,England
Uppington,BH21,Dorset,England
Upton,BH16,Dorset,England
Upwey,DT3,Dorset,England
Verwood,BH31,Dorset,England
Walditch,DT6,Dorset,England
Walkford,,Dorset,England
Wallisdown,,Dorset,England
Walton Elm,,Dorset,England
Wareham,BH20,Dorset,England
Wareham Forest,,Dorset,England
Warmwell,DT2,Dorset,England
Warren,,Dorset,England
Waterditch,,Dorset,England
Waterloo,,Dorset,England
Watton,,Dorset,England
Waytown,DT6,Dorset,England
Well Bottom,,Dorset,England
West Bay,DT6,Dorset,England
West Bexington,DT2,Dorset,England
West Bourton,,Dorset,England
West Chelborough,DT2,Dorset,England
West Cliff,,Dorset,England
West Compton,DT2,Dorset,England
West End,,Dorset,England
West Holme,BH20,Dorset,England
West Howe,,Dorset,England
West Hurn,,Dorset,England
West Knighton,DT2,Dorset,England
West Lulworth,BH20,Dorset,England
West Melbury,,Dorset,England
West Milton,DT6,Dorset,England
West Moors,BH22,Dorset,England
West Morden,,Dorset,England
West Orchard,SP7,Dorset,England
West Parley,BH22,Dorset,England
West Pulham,,Dorset,England
West Southbourne,,Dorset,England
West Stafford,DT2,Dorset,England
West Stour,SP8,Dorset,England
Westbourne,,Dorset,England
Westfields,,Dorset,England
Westham,DT4,Dorset,England
Weston,DT5,Dorset,England
Weymouth,DT3,Dorset,England
Whetley Cross,DT8,Dorset,England
Whitchurch Canonicorum,DT6,Dorset,England
Whitcombe,DT2,Dorset,England
White Hill,,Dorset,England
White Lackington,DT2,Dorset,England
Whitecross,,Dorset,England
Whitefield,,Dorset,England
Whiteway,,Dorset,England
Whitmore,BH21,Dorset,England
Wick,SP5,Dorset,England
Wigbeth,,Dorset,England
Wimborne Minster,BH21,Dorset,England
Wimborne St Giles,BH21,Dorset,England
Winfrith Newburgh,DT2,Dorset,England
Winkton,BH23,Dorset,England
Winterborne Came,DT2,Dorset,England
Winterborne Clenston,DT11,Dorset,England
Winterborne Herringston,,Dorset,England
Winterborne Houghton,DT11,Dorset,England
Winterborne Kingston,DT11,Dorset,England
Winterborne Monkton,DT2,Dorset,England
Winterborne Muston,,Dorset,England
Winterborne Stickland,DT11,Dorset,England
Winterborne Tomson,,Dorset,England
Winterborne Whitechurch,DT11,Dorset,England
Winterborne Zelston,DT11,Dorset,England
Winterbourne Abbas,DT2,Dorset,England
Winterbourne Steepleton,DT2,Dorset,England
Winton,,Dorset,England
Witchampton,BH21,Dorset,England
Wolverton,,Dorset,England
Wonston,,Dorset,England
Woodbridge,,Dorset,England
Woodcutts,SP5,Dorset,England
Woodlake,,Dorset,England
Woodlands,BH21,Dorset,England
Woodlands Common,,Dorset,England
Woodrow,,Dorset,England
Woodsford,DT2,Dorset,England
Woodville,,Dorset,England
Woodyates,SP5,Dorset,England
Wool,BH20,Dorset,England
Woolgarston,,Dorset,England
Woolland,DT11,Dorset,England
Woolsbridge,,Dorset,England
Wooth,,Dorset,England
Wootton Fitzpaine,DT6,Dorset,England
Worbarrow,,Dorset,England
Worgret,,Dorset,England
Worth Matravers,BH19,Dorset,England
Wraxall,,Dorset,England
Wyke,SP8,Dorset,England
Wyke Regis,DT4,Dorset,England
Wynford Eagle,DT2,Dorset,England
Yeo,,Dorset,England
Yetminster,DT9,Dorset,England
Yondover,,Dorset,England
Zeals,,Dorset,England
